-2.2859597206115723 -3.2619481086730957 -1.4271351099014282
1.1362652778625488 3.0198068618774414 3.09871244430542
-0.316028892993927 2.4229376316070557 -1.3670389652252197
-3.243705987930298 1.113858938217163 -2.0818238258361816
3.0392088890075684 -1.376404881477356 2.12178111076355
-1.2473934888839722 -1.2419626712799072 -2.731600522994995
-3.057659149169922 -1.9188024997711182 -2.1035056114196777
-1.0689932107925415 -3.9687554836273193 -0.13991180062294006
-3.355180501937866 -0.13606484234333038 -2.297053575515747
3.008530378341675 0.9290755391120911 2.042490243911743
-1.1241971254348755 0.2795003652572632 -2.369412422180176
-2.7433059215545654 2.4491939544677734 -1.5435163974761963
0.06013975292444229 -4.125110149383545 1.1882448196411133
-0.42838984727859497 -2.687506675720215 -1.885525107383728
-3.206390619277954 -0.042725950479507446 -2.1786234378814697
3.2657859325408936 -0.08244869112968445 2.2613089084625244
0.3685351312160492 3.6842477321624756 2.1878151893615723
0.4639601409435272 3.06758975982666 -0.7397061586380005
-1.8262676000595093 3.462458610534668 -0.3858819305896759
2.1094555854797363 -0.1678166687488556 3.8203039169311523
2.037377119064331 -1.9456735849380493 3.5604710578918457
1.8724292516708374 1.603371500968933 3.718562126159668
1.4380576610565186 3.130225896835327 0.36098262667655945
2.302089214324951 2.422788381576538 1.4784529209136963
2.361372947692871 -2.5808849334716797 1.1435047388076782
-1.0814615488052368 1.241153597831726 -2.3578617572784424
1.4716256856918335 -3.3981049060821533 2.7807419300079346
-0.7580756545066833 3.875757932662964 0.870916485786438
0.16465888917446136 -3.131239414215088 -1.2172044515609741
-1.3082258701324463 -0.11158909648656845 -2.495656728744507
1.4599919319152832 -2.994434118270874 0.1898362934589386
