0.1151999980211258 -0.15854200720787048 1.10971999168396
0.04607189819216728 -0.031208999454975128 0.30801698565483093
-0.12011100351810455 -0.14897599816322327 0.9978449940681458
-0.11941300332546234 -0.15474699437618256 1.1045600175857544
-0.03650069981813431 -0.1433899998664856 0.9225059747695923
-0.012930899858474731 -0.16095300018787384 1.1798900365829468
-0.09794220328330994 -0.14508700370788574 0.9652900099754333
0.001890899962745607 -0.1402679979801178 0.9215090274810791
0.09437309950590134 -0.19058899581432343 0.4586000144481659
0.08306480199098587 -0.16100600361824036 1.149880051612854
-0.09728950262069702 -0.17267900705337524 0.4337649941444397
0.041330501437187195 -0.16164299845695496 1.1735199689865112
0.10152199864387512 -0.1428299993276596 0.9655230045318604
0.06816799938678741 -0.14096799492835999 0.9382659792900085
-0.07216180115938187 -0.1430799961090088 0.9364020228385925
-0.07073300331830978 -0.14701500535011292 0.9354619979858398
0.02127780020236969 -0.028288699686527252 0.28260698914527893
0.05484440177679062 -0.1395220011472702 0.9342060089111328
-0.04562089964747429 -0.040522001683712006 0.30689099431037903
-0.12574900686740875 -0.11032900214195251 0.3713879883289337
-0.003699399996548891 -0.2173749953508377 0.4703249931335449
0.022929100319743156 -0.13930700719356537 0.9224759936332703
0.10045599937438965 -0.0657728984951973 0.32752400636672974
0.12459199875593185 -0.13791300356388092 1.012279987335205
0.1300020068883896 -0.1404390037059784 1.070520043373108
-0.13118800520896912 -0.15119899809360504 1.0473400354385376
-0.09058929979801178 -0.1580740064382553 1.1452900171279907
0.12739700078964233 -0.12809200584888458 0.3957290053367615
-0.05684629827737808 -0.1600240021944046 1.1679400205612183
